/* 
 * netevent 测试：频繁广播下性能的承压能力
 *
 *	压测1:
 *		多个 routine 并发对一个连接同时发送数据 时 所耗费的 纳秒数
 */


样本比例: 10/1(每个数据点测试10次取平均数)

数据包大小（byte）\并发量	100	200	500	1000	2000	5000	10000	20000	50000

256	27124312	24347590	46311568	59076025	85786959	157731495	300567493	553147524	1487696465

512	24197629	29033198	51812662	64102677	70845430	110777846	186165980	323405560	952786829

1024	22845304	29303233	52284507	64096399	91425172	140937769	250063056	475868088	912851076

2048	22536348	24037885	51673714	53687825	67028607	118648643	210598833	429096690	995275360

4096	23957400	27945382	52631583	52266083	71511438	165152019	315764688	612901391	1621222553	

8192	22226447	18004372	50381246	63404908	116705017	265459951	524865702	1114107732	3174361309

